$ANSIBLE_VAULT;1.1;AES256
31303737393334623730373062633432313864363265373137323538633537656430623732626664
3839663436353266646665323333333739343736643265650a376665386531643130316633323261
33343934636438343236626661656236313462316563336430303631303865313136326539306233
3938363433353330360a393232373961313561626461613464316537303938366662313533613566
30633463353935616435386538626238346465626662333530303032643963653830616634636162
65323263383965666637653062353961656137323031663037383432393534366261373334613332
33316266316134643865306462333861383332663863316262313334613834343539626636653938
62643737363062306561633331666534313737333761316131336330653063306166666632663938
37626533386463396566356536663763666666356237386436636435623936666638316364393135
39643862366131626634316464393163666530393833363735363532323262356161376535643537
38323361663331623639666136363232333633643639623264383565383735353034666261363965
34646631616336336638
